$ANSIBLE_VAULT;1.1;AES256
38386637663866636233393831383431316333393835306232363530333164346534663836303030
3030323265373032663634373866336535646335616161640a303537326234666362636566633333
66373433353066366439393338633935353161336566336433633531656233623935303739613932
6333626165353536360a383135643334306462376563656130363765386431646561656234393433
39386230356161366533373038306366376463623434373833353636633265633035383866353735
66393563623661333065386437323435376335336237643330373938303161613164303565336235
37623362336363653661383163643263663634626134613666336363663637616433326130373362
34313565346535323830643566323537333136306361666663393561306334656234313434363739
36383931346538646561336663656262636632636363356531613338363338383035363164366436
63643630366164666131383337636437346137623036373466393162346436623163323164643464
34343739636162396661346335653837653334633863323932363966636331316363303664666332
35303632373464353866643264636130373164643031393366366566643834396132623361633461
65316464646632343034613230653338646236373864633835323662323731393864396330353964
63643865656336303431363662643866396137616533383933326463623130663138373038663837
61646133626335613437316631623332313266333064363764363535396132653736303636623535
39313664316137626533613236363433366364313633303938373865363964353234663035323034
34663430346633353663623434653832666663323765396239396433653535616264306237366539
36633466353362313439366333346565643861383433656330396166373363666366346534303134
34326131333830636637306337336164613130633738633934346464393037333534623939316562
38343961346535663662313635613861386666656664366137313935326663396435613337323235
36316363643137646134623537383061363430396332656363393238613537303665376430326462
65353034616430386237643430663531353262313230386532346532323038363332343936356463
33383736613536363639623237656362353163383737313636376236366537353438313661373662
36626162316435343534666664366564393131653664653865626435313931313664333235656238
37333364616665316565323466613464303338363336383534633066623738633866656236313130
34646465643465373631653533366533333636323733306262373133303362323363643565333238
61313431356336313461383163306636616234366665363238343139636136386434663032336237
64393036313065393161323363306565633233323362313865306630396162633764316363666464
35363961323262366530346666383361333664303634366266366661393932663131343161636434
31386534646335643036366562386263636366336536663732313436613032376562383930643035
63653430643631383464616437346138616361643666623861326464356139613232653939383265
64343866643933633464663763356466363866396631636532623464366263313462386562663763
30613533653864326263346630653537646631313430393362333561383262386665376261656462
36373661306235363461613434623462366564323966363130316530633232366234666534353333
35626665383230376236336135616663306165396137363963353237626531336638343663663035
36656534393464663633656433633036646133626235653565316638623438623239363664636562
34643034383033623038316466333263346362636335353137653730306331653634323266326666
30356131653238383238366538653938323264623161613338626631616330333436333335653439
36333237386338313463633862666234353065306636643435626462333432303139643036663361
34383431663030653137666331343562323530626339396332336133316562636539616337653830
61376163616232353338353130663933656162373237613533396132323730666639643434623431
34346462393031336234616162633237323839313261316337316532616337373463613635633039
63303536326138323632653632326334376532343739666361303237333366643564323033376630
32383435326264663062396531383134393361396361356563626138633365376433393235623132
31366631343732333331663837306666363564343865623535356537373037313562623335313835
66623032366161383233323937333466613133613863373161393062616136316637343666666662
62303136656432353938636562326337396637383164333662376439386430663539633966333863
39663061383435303530633636376336353963303033373738363332323033373532313265313035
33313735666234373437613931303937316430643166643063663131646431636265643433313136
31633936353632313237303064316133353761393739346630383137303663393964353362326638
36343161303332323031383832633965636661376264313863333566353561363261303531383831
66386662386337623763663434653032663265643564326538623961633363613635343033343064
37633966363463623462653438343231316264306365633432613932646332336434663636613061
36346238323039633139376262333937353565643533386263383837366439336231336565633361
32613763613936656637303135393239386663343834383738323431626439633363616436343434
63326637373065303862353333323132663030643532303666306334376531376634633133333339
37656236633461646265353738326137363136663462663562393664313165303131363431373830
33353535333564323438383836373230393966666539663438326537373235306161313737376264
34323735306436653564616132633065393766636231306431323133616164383633616531626262
64383463613863383765383736383539326135383934633039643434616364363233666662613139
65363133316234396431316261326630653936363437353166333333343735343962663566333136
66336430623262383035366436386531643761373733396138386436366361303037366466353738
32393739333530646537306330376332613462353365383565646439383931323761393839643332
38303237343162373438383464643065613964393035313161616663623264353338636264656530
31393131633064396332616566343739336163366237623364666232393333353538356631613266
63376130313762326238346664316266313032376232383838666537656135646536393562306330
34333062363766653634393535653937336332383734666633663730333862316663353934383938
32346666323661363031666636613064616631356164386630623535353836353232376462376263
30636430653764383863653636613838636537363763376139373936653937616465663636333765
39663739363837653433363632303565373363386634303731336530653762393538393636626334
31326432636464643633393736373863336436666137306330656565666138393230656332653430
38646563616364373238633432653234396434613938333864653561393639633465656564323663
36623336323363323833323532346137343461643839663133323563616162666231643338316336
36313236376162366464653731306666633539343330383736616436653733656263633434653561
35616538643332366130303133363963613166373937656365646234396361343039343932366562
63616333623937326639346337386339323665663632343834336132636633373930313066643461
31333963353332303862366536623437343630666638366338393234323563643631313932646239
33666162613561373135336538343130316165356536643963366539386137313361636331353538
63396339323133386438663963393863633135633739326264376236303565343731303437383662
32653564326463366666303639646163663933646536373135663364626632303031646133613463
38666539363462633461613731393731366139313166386532326332666630663035386162393061
31356133633766316666303630613563373136643266333364323264633333376665343732643364
66306638343039646230353633636133343263313630323630346231333766396465653230343731
66343764373033343832666562656463306234663732396338653735393665393163653632613061
35376265623262333736373363633763333335636635386331646636333334303734613766376238
66653136623233393038363239633436303132303031353264336633636138626436313162376365
34353162623765666533643035656665383935623763363131346364393063326137393139356437
34663035393233323065373537306532633266666139346165323630303030313366633432353832
39636338656432396266306166316137353664303461303337656635613337346337373263663039
32343335313566336539396239613132306331316232363466353036666230613433653435653962
64386430613334643961613462643063323237383465326436663033623236303533376565393662
39333166656633653634663637333065396462323163373430356638386661313331616636336136
63313934376366393561333363396136346330393266336533326665633933323335303062343962
30643037613037633930633438323964386665656632363362353237346233356261343130326464
35626662646439366461323738353633353036393061333666313438646566636632633161616535
38613232666161633633613231306631343862333366366431653831313731333436346163656232
39316534356232383330646136323765636665626161333462616364343239376565633230623539
64623761366634653262373362666637303661613132333566336130376635383262376338613739
32356433326136613236623963323862636261343835346130643639303535313035303239346333
30346332393533323435366639373661376133343137636164386263313339646362336638386165
62363735366430323337333164336432663561623664323765643130393432393434383862346235
34383537653165636365373930326135393634336139356336366466343838333034653031646562
34393838343336353766303237636330333139313434373038353961396261343663643964346661
34646530333838316338303537653466303036656531316166653061626432656461363937633963
34666131376136353033613437363532346639626130633735663361636337356639333830613131
61343032343062636638616466356639336361633563623830346632636461346161653265376164
64383438626330326564303033333737323439643035333131366438633639633863636436653632
65363738613839653638343162623961303861373162636264343963353939313763323563653266
61636436353964303933393766353533373238666337343265373563623465646635636234663433
36613066353465616563393734663964313637323137613466626435363733373163633730303466
37393337643663646336666234336263316137396464626464663565356539336265613732616462
39663461313134373630656533356466633334326236323132343466663338656234303430616334
36373439316165343531623564656634343663303230303936306261313036613830326661383535
36633964386438396335313731336336386339343235393533343864396162303765333864653362
33303030663466363839633966373966353865626133333734383266616163323935616464626536
65353564656634663730366231363361636466613362653462646265333132656130343462306135
38633234356166323339346138613035343135623665626136396537383136363864373937306137
38373838363538353036353537343834626534376138613236373835653938326434616264396433
64343031383134366537336338313631313766393038366164326339316636663332393433653963
35666163306663333163396432373930313263323232303662373262353834636664616138636139
35353132656632643137633466353830306239623933663533646338323164636464663366303933
34643063656137393064386433336234643431666135383734386435316231313533376336393632
31303234656436323130333563393465333537333664363561646264353738663134636431626130
31616231656237326638336232336463366237626636633966303163363961666239396539326339
39663365363864353631376361373435646537306335343165663933646665356534306133353461
61306230393434656664313662376465313430656535343631326139333438613530343832343537
62653362336264343438653766663230653830353636313362363139333065393863376239343164
37323766613264336666336438323235323963393064616336303930626462653335343630663339
38366639383364636132326236656632393333393062666661636562633836646133623631636230
36636366636234663732396666633866356436343938336636396363656538306232343036396138
30616330623063323836623532373932373332326565306165633165643135623535396362306434
35316631616663343865663539646131306662326365383366303862643632663164393334313937
36633330346638333861643866303564346234333264393265356566303836623535396265376232
37393537366239346136613230613230663837323631613839623434326338393230353938663466
37373433653130376638353837393262373836353665643031656133613432386237343166636263
62333866373330616430393230323636383762646436623030373830623335343439363866323838
30656664613132353334376238626233306664633066636134343161313933663432353631636364
39373465383337653366333537313865336134643134663366656265363166626564343134663330
39643835383465613237383333303837656135353465613262346362613761656266366332613961
65333531633437386438373933313536346663336164383863303863336633666230653561303735
34363336353730366666393362386137643237343362363935343834323134386336626135323561
63626631313230333764616363323766376335346536643137386266383065663162643234636362
62343030363038623863343537363666326435616638666630323563383233356133383238383138
65303564333534393432306366323164353433333533316630376632326230303539653636343037
31663366353437306434383235366231643236616439366631636464343666366266376532663035
39303133346363393731316362663032643563366562326237346630643036343663333033396433
35383064383634323339333438383661306462646235636161336563613865333938653032343937
62323064353130363566343639396234376232656430633034353530356362363161643134353230
33366633333335346134633935646534663263323835333730303131356661356335643464376230
34323533333035626630326132373162363964643431333332303661373331653065633865616134
32383932346233613566353963383365333539396366373933626637643133663631313164373931
64333937653637316239333036663663303762306464363438633065303637323332363538613030
36306263356431623562356438386562663533623730333363303065373636343330386137333733
62663439666437663730383439386237633230303731383465626438333836343634323462333238
31623333393935333639333935623261303564383039626563393233626233646135346466613065
34396466643331316633353764313865373134326265636535636132313235653231623334623664
32333333313435623138323963333036656566636232656163346138633661326236393830313564
36323131636165326436633033666264663334663731393564336663313964326339636538633436
34333030396333623736623035653936386633386438356235303566363638383166626431393631
39613862653736643364343262303635653861656237393336336130343233616633656137363835
65326161626666653666333661653837653739623730643833353233363231663939656332336534
65376261623638393661313730323531356230656636303663353762346130313565303261326463
62623833343033633763613761313139643333613932383036393335613132373637396361663838
38373264323235656435306230623732663561306234663738326361376230623337343033376465
34363430653663393063316130613033386363356231373736393133656666393464306465623639
38363766636665663564326233646632623064343939356164363365333866303532626337323639
64643664383933343936366465363039376335616330363064633261336637393934353238343830
34386632636131323738383135346265356535313733633138353732303431666166353865383061
34303032323433323662623031663834653135316666376665326232336233383965666461643461
30663738353163396462633039363535356335613663393733323238613064656235326461323333
33386538623234643239663631396632656638323431336138663838623938613166313237636566
31643134353830653637663038646233663033383564663431616564643037633362386434393632
39656162656538383339303833613465663239363832616235303464373130383333636165303038
64633936626336376636393562396238666438613138316162363435303461396232336363643938
37643962396231376136316264313637626230333161353532646133636239343531616563393336
32383661346561633335313466646330303432336364643635306366643635663034633333323735
39643939366265336530396462316235336633626135623666653335653038326266643763666364
34316632326364316435396266623761363663613936643161616335613838366238366261623238
64373138393336636338333761343731353631316461313732323666363234363736393936366133
33626461313061353263356538326463343431643236623134613531326337303234393836613865
39386432646364346134373730623961333534633665376531663766636333633062623131633632
65633061306565643464623562353731633866663463373566646237366632353932643630653139
36653065366437376439333530643064366338316437346661396233363631616137356566616431
65306265626661393030376434653661383535386262346563313039623065346334366163363535
32393939643931626137363937653535643534353831613532623261373163613337383731623037
38613931613963336266656430376133396662373535393534373765343764633439653964623032
32623430623530343764666163306236666634313862313435636161363331353265303763336130
35333666356131636364343238356438663364333934643934313463396537653737313862613532
38623738656137303665616432363161306437616639646636626264663531663630643632313938
66343964366464313361653963396561376232373936303263356661336239363231313862386664
66383861376531306136616433636638326561313231393864643931343730373535383536653432
63323364663732303162353732313133613933646532306233323836386536646638626132363266
61303430343837643365303465643431643630643837643530656338373964663930643139313033
63346436333235313534383139633233613933353863636334386462656630313265663839383665
35306666383530356634326438353936616231346664373735376463333832643233393736616564
32396133343363643161613335363066393066316164666466626337613063313231353130633764
32656165386533616530393039656533366265643232383630613333316265383631366466666636
30303633613962386237656665666637633235633264383839666465326230373034656334616466
39663532326662383239303662376631656461643633633762353261626334636130353037376337
32626364316466326631653336613039646164383935613932656334393334343539353133613233
32306461333234646232666339393832363933626337306661623531306239653732636430313836
37346330386634636630653235383064636130346261306530343161323434353236376530623866
63383732376164343530336634313636653565656631616364363636613730323233333733393939
62363666313931393961323365336365363335386564323463386366383230363930376462383863
36666366373931333131306633306262656131393235336431643330346138383966623661626136
64363034633233396539363164353464303838613331346661653862666336353939663130633038
66653334383464643339396239383936386664353831356633376261633236376437623137353939
32346464316263663136346136306563313666616562346265343530343934666437326332643438
62616264326366383531393638386366636331396362646662383131613038633934663361323264
33353031633366643136373031343333613834363362306336373331303463633462306166646162
37386631346666613434393165643864616163303735316161393365393566613664346333636261
36636634666538326639626534373938316237626238323037613765303939303633663336393363
66336531666335363638326138316261663533346565336663326363613234363431323432363731
64396365336234343338373466616237396131653065323166666133386162666563626166646635
38336536336536623330363363336364356239313161643462656165343931316231376162373433
66303666636665383131353336306133396231303330383535313435373365363632393633363337
38396564373739646432333539656561323234643236313734326235626562666336336161313631
31313232323433336631323232303564633637366465303233636232386638326366356239656634
34663135303737393564346364363231616365633666643736643662656632373732636530366138
30333930366462633235393832653536643430346561306338366330363163313531383363643438
35636534636563323166393361626131633632356436636233373862363666616431353866346265
62306539336232353636323638663566376466353834616633363437663063616661613561353661
33393638646337366630353133313337623331643061633261306232666636613531633461353564
34613935633033663537643439626339353234386263623832313065356634333164363064376533
63336232323133653631346538393631633938646433316335663562303135613530303537353530
65343331313265393838653536646161666564663662636165323533366664653830646637353430
30366535333065316632643138386637363433663433393734323630623362396663623938646438
63366161373639613636343262396463323232666639383261383731363165306463323865363366
33646437393332643365343631366433663731643662646666663130303339613663363139343865
33386338333635653936643438663939346664663933643835343830306130386462373033303830
64616133383261356233316164366232376165306335363930393239623934323763303562376436
62643336326661616235333230356461653765363236633362393566643833383037633632323131
64363864336463363461636238386564623539666337366630613764366536393932346635333835
65316136393265303638326266663565383532333861646433663733363332363131633130633833
38666430383666366163356564316261626335313032643339303832386534346533643238393933
61616562323637386564323265343930636638653731353436336639383932623066653033333431
39323563386235353338373063316137376338366139623766353464366264343639383031326635
33623362333963636437663233363164646535656536376165333366633735613864333362636536
32396337373961633433633439376665396434316232663565363939316435316535663330633065
66393161316162323531646561613535366465353031633733343165306562323935626331626236
30353632626639626233343134333363633663366664333138396538396436613466353332353534
61653664356564323865393233383839613335363033393231303161326566613135643136333433
34383665333734336463363764613133373439343763616232656138303364393730386532373836
39653430343935656230333565303636643633353362666639353738343438303233336562303334
35376166313466313962396662666438623766353933643366393134343130633834623434373237
31616163316466343630323137383861313530646265366632323762666339376535666330653534
38656135623338336535653030616333383363626638653930656533646237386430346532303337
34336433383038666637633064636235356632613334356363366466623530333661653061383437
33316334383438666635363735623639653532376331646264636432663761376338313734616133
36393135656161353766383364666132656133663264346539336537336166366539353837386336
30333036336232303339613162386634303362663437376335306131353561393030633638363065
32343339366631633739383334663839643738643238373565636534663765326138346532313833
65643133366539366335393432323231343035393933396330616661346631313064643631356238
62383030343965313630333231643036363966643866323364623138343035306635383138373736
39366266306331366465326464653131323733623464393166373838323365393036663139656333
32616339343339383161373239363761393131366232356661363961656464636564623431356161
37646436623733343535316230396535643936313639616266303236373530386261
