$ANSIBLE_VAULT;1.1;AES256
36373836653263303166316365646662626366326334356133646337386635373261346337663561
6332653238343966343735303666316237303132386637330a386331633864633032303030633962
37643237383536336338656332356362636230626363373061366636333666316432386238666136
3962396337623431360a323335616265666239336365363561303135643937393030303139643535
65303632323030623736303834346661373564306439313465363932363465646265623435636464
36313137316563656437363636653264396265626164623763633733386233613738613464383564
39666239663865626237396239656264373964653439346535313637343061376465616639396166
39336635393866336332306432623937363637313136613665376364383063326662633437653531
62386563636635363833306263323563333666313238376630306161653834653632616135643864
65316135306336613638623861613831393830616166653836343165636536643564313732383163
64353162313233613365366334313830373834356530323263343734303330303762656464393633
39343931376166316262333832393935663834396166333761636437636133303632353430313364
66323530613034663933666264386237376632663665623338633839343162353233393966646362
33643931376637343831323430656636613262353531393033616331626430366661616265656432
36366431623438623632366233336630346233626566616139636535333662303365643763633031
31353539656636313936633139613132613237386262343934373161363334363963393265376132
65333537373939636232623133666430383939343732643561623039393562623830656231303662
34653064613664383964626635656463343931353463663665383732356366346537656165336439
35636431656461363235363061383066303834376431643538616362336438353161373663306338
30393961656366316162323438386162613461353533333064323039323861386265616363343266
35663364303365336564303132643334653136333638366336623835363533353339383336383435
31663161383035343133653932636137316536646364626230356336376166333965656338363635
32383436363832313665663236333430643832303363353735316336623038353435303764303861
61353231646137623464633462313265663065373566386562626264383661633036623561633036
62393065373066363930336662346331343362376232643539613831376234306331356130633765
65363136363138643631386237626235663361623137383234353365353063623332643964346363
31343764643838373037653537613734336633386338313538353039333063616265353232303532
39393563623234643063386236346666306161353531623763313434636665343563626130363034
30316237643036623963313838336664666263316661613562363963663238396534386162326461
38303538633437306365333564663930653039343032383764383038396130343264643830663963
61666639326339346164343462646335633538653661656630303562323335653235626464313665
31623233616130633537626238333732343136333035623165386661633762346164643562643632
36316636343737666265393739663665643463666531366432633032333565363534353632653766
37333433613633363862363164623236333035313237363535646438643961393838633136343637
63613539613337663939623966313733353461626638313163386232336631623364326364653366
30326465306161646437393462653264336639303631373630666137333331656430643337326461
34396262653864613938623561633134313736303931393764313736396334326563363663363965
38613232356665363961333339643966616237363161386234663565356364633732336430653338
33663932383837306435623761326462376439646635666461383262616562623131333036363866
63353738653533386333353333333562333465353762383962346661396137666534363734653031
39373463383433366466666262383137363137373832353837316463373161303637663638323232
31666263323937643637353730303364366339306233306636653963633664633138393963366134
63326463613437636662373662623232363965333036353034663761636234616330333165333566
32613061613765373837653330373562313639313864383138623031623463623663393339303433
66393432343535383532326233366536336565303938653531346463306163623064353035623063
31363830396465643961396330353161633965336638393334313137323730623737316434333234
37656363643638363431653361373234613437653235313062346631346563393163363439303861
37323364373039636565636466383530336236633932366432333630623438333066393666643635
36323532663363613161333338623165616430323333346233663432393261336237303035386365
61386439346235343538363634636334376336313264633639363466303739373662386532333635
63383762656361636135373136323830613833663232366565353639333832613333633362386265
39383337373630373563663233656631376633373334643564393136356166616135363938363433
31343163313237353962316532633764383363613339333661333633373063653866346338633437
65643464383138616639303831306539616632303131353462633564386533666130656664323937
61623561373863313932393364616533623335323066326436663731396137386330663234663038
65633564306462383164663230336437626336646537616436333036636339396534393337363737
32663330633866386132353464626134316165353139643039666362346662616533643263323535
35343364643162626531326437336563663834316534643636613835303162396437383334386130
63616364343263626166386262336162383135326165333563616137373835333665333434306332
33393964663262386630303238376136366332353236303233643030383932303237646238333437
65393233623930666561386163343964396130353032306565653333343665643230333136356631
64323833303764643439353132333434353265613037336662336139393138376662343931303961
32333731623766626661333234623534386266613939333536386339373631313332643233623236
37306639306336393230613163656337313963626262653437613135306466666634633961363866
30656362313432323132373336626665316237363165333039306363303563653266323564653831
38343532333833326133613438366537623162663737623237396334623865353264663661323437
38666361373333623630313438663235613965363833343664616331326136316235353033383639
36636333396430663836376632363834656137343139376238653065306230326337353862626335
39333431643763383036316630663531383430303463323163323930303065303837653062326637
6632646130373833326632383165313461353035386138343232
