$ANSIBLE_VAULT;1.1;AES256
34346262386532303832373738396666393933333031353766383634396639643466643336306332
3235653961316465336366636365353261376136306664350a303466336363663237636364613865
30626337323162316664623562323133383366343731373864663834663533653636666131646464
6334326138383362630a326661623036656330633934323839623965663935346434626661373831
34373930366666306337336537383838393462316237356261343931316234333630343164623436
39343237393031643466633266613263313637363338333030313963343039613138383638613032
30613537656337366135343331376164303334353535306531303261363962373637613265373532
61326564393362313361626335613536313235623865666137373537316534333237353030636235
37363665636330393537303862663731313164396637393938623137336464363231353766373533
37373638626535386535383561623466393939396334336130643966333337363433396631343836
39633731303465383536363734366338393730316332386137343832326533633830366132643166
31313037613534653135363330303432363962356238383265346232353862656261393936633832
65306563303633656237323038623635653434306536346561396236306533323331373666653962
6439393463653834616436343865646164663033613837323230
