$ANSIBLE_VAULT;1.1;AES256
33343863343034323635633165616137373937653039333034613463633230643661363963646666
3534383538663138326163356561623336386362643030370a333730306365383037666365303561
38356530323035333234613862633163353036353235613531633364613031366361323932633766
3465393937303933350a376639626533656138363233313337643638633064336332386366663633
63663139356637633430346266366266623265333664623138323664643061333734653433613666
38383331353161653531666437623139396439333339633061373531306364386530356362643532
32373836626631376133356261353435373630373730353033306433363466346639333737303131
34623030333533326666613766646161643465653133623561653631396639336236356335366638
30633931303737333162383634643033646338666430306430633935656132643735363530363236
39663164666439333561623062303239333666336332653565363133393832313736616636393536
64316137616530356561333432616564356639633337306262616163633536366631656336336263
62306533323966363532333466383536643762363337616464666331383330633165316434303632
63316332316437373034393839396236356131346666313766636264666537626561313866653463
6463303536363765363864623361346238346465323237313464
