$ANSIBLE_VAULT;1.1;AES256
31363233323733313739353132336333623136303732356131613533353861653836333766393234
3064306336373638336162383930653330383832383231320a353661336239386433613639366161
63323333616137323361386632626561636430306537636430313936366335616132313863366336
6334373366383035340a353438336531663363656139363661383736633735393236646432326264
39656361393565323938393964653536623933393235326366396234613165343666373139653964
62326337373165653437323532376631636666373235643537323363346538313239613263393534
37316230313361633261326536646638343533316463386164396135633438613264393431393464
34313030326563633731666139376166623739613835636236653432623931373138303938643761
36303766626336396166666461313166333735396630383035646563643035393136666238356432
64303930636436323663363837326638646133376434303034663839373237386334323937656236
63633430366666383762306262373865326235306430313466636637643438653537613539613432
31343334653739336430393937313962363864386238366565646462613939326138643433366334
66663663313961303137376636323464626262363862303934386266393364626536636363396361
61663864666633633838333235396266653030343664613035336134313233353533623530326639
33616430646235633135336262613030366566663736643762626361316666303036313666633438
33306131666230346666643536396631383131343538376334356364663461316635653632336639
34663833353130353533323236626666353364303131633834643037373139343562636661353638
32333766356338386539346365336535343932366632613462323966313361393038306535323163
30353063313735653234626461366366666336633431343761636561306265663665623933333431
31326163376264383233363561623430636330363361623330343565303065653239643136306337
35633132616636633661353862383463633737346539353434393639323663366232623238643865
39313563656230663635306134633837663033373132643361663032386139313462343836313830
32303535656662333435396132633036383164623632623536613965333764643339313765346135
34326236366265666534303838356531303662613666336433666461316333363364393733396337
61353738313339333164373261393132386665623436393435643035666161656565333636616436
66373830306337386431303362343762343963366231336466386439373934373532343438366339
66363737656335623065393265643537326463393865636466666361396366633630363239663833
38636334316366346430356634626135343337623733386666383262636537623833386535363334
31633034353466386438623463393039323830313736336565326435643037373431623739386530
34393033636439373837353762633339333635623133383635633532636339336234393632303761
31613363303938383337626438316463393932333336306535353166376565623865613464303138
66336138326431376339373730623936346266643066353632363866326330666263666333333666
63303465656636323266616536663666626537636435653434363534333131383735393330356266
36346436663031303237613436376335646635663263323136313032626539323533653364643362
63343835363365333736303230323835356434306565336338353134336239663334643734383737
37353661366463363730396635623339623564623136313636353538366430363535353432363161
61666334396537313266333437303562326134306638323161333639623939646530653236626634
36613539386231646237373863623465663434663862656230646639623137613166396530346637
38353738306665336633376636383565613461363039346630323764613234626633316336393466
63333261643039353762326438396335306132313366303165346438353366306536356364373034
62613734636665386666386138303031323935613638386133623837383333653933323134303966
36626361613535393265643832666132323765613735343437393338343432373862343836316663
64363064333066363766646261323334656438303861326630336639653837306462663833653065
64383736356335646163313962383564616538306261323066646330313861363634333233623161
35653934646366386437313135303439663339313532313966313835363266333532643461393431
32303166306166326333303166633264306264306461336631646563626132346633346232343161
30653637303432313335346137643539303137616162663239656564386235306433323830393330
66646539313766373065646539383837323965656138373261303466613332306435316235343262
64343531393833616136353333666635316630363639373865623265383835313962343934643035
32626636313334376435323663386130646366326332336234306136393163653664663936646364
39333564336266363933666462386131396137353265303061323565626337343766656334663134
36363437323234336462353230393365343434626334346132383463393562363061653238323237
65616438613135633065316136393631653938373131643238383238336261656232373032626630
32393932633236363235333836353763653662636162623166616537346334336336336233633965
37643732613734623261376630303266313135656666656337663634323631383663343664313066
30353133653036326365323033383734623433616639383731353965663137376338623065623337
39616262376530326433343734323362633033336532323530363964383336373764383366376335
32653034363661343662363262646431633033376263336464353934616434333665623433643138
32346533343236353039636130333861313239333665643035353133356533616565393766343332
32393464633337616437373532356134613237623639393934376533386565306239353933636363
39666534623633663862383032653861313837623262616462663564613034646531393331613463
62623463623136656536336332333262623464333862346565396133613565393431383631336336
34346137363734313961353538323032376430353862376435343935623334313063323634653030
35326565613331353132313236643030626565326565353333333762343565663430346464303338
63373564343966336666303231653139393362316631653862643135653339663565333331613336
61653465623038343733666432346265313662356232316339386237646265343538383030323531
64663263313362383866373564633962363939336437653562306662663930623538623637663336
31356437386434326330643736653262636238643261616330343432326432626262376533646133
64613530623536373936663836383430666536356537326331663430363663306639313664363834
35363035353636616166303262346661353137363139626662663332356438366330343737633535
336439363936303136353532343039343034
