$ANSIBLE_VAULT;1.1;AES256
64643436363734643632356234376231353537663539656532343134653565343562633733656534
3739373535653966613034353464323733366639333334380a626238633964343066306162643764
61336535303030366231396638386532636430303237646631343831373666653830333335616235
3665313663616335380a313439323466643166326338333930363766636530333166333333623231
39383765666133383937383761323133643937663062653331623630663632366365393264316432
65653437336664623764353362316432646362633532333633366535363138306266393466383738
37326332653836366464656238313934636234323662393334623736613266363261343935323732
33656336383137636533636430643063323539353362393336643035646362333134356566316265
66316564313064616430343731356361393662306166616365313337346566336663636134363963
34386163373830316333633634356331393163623266663639353330353161323966613863623036
35366233306566643034333838393163663736636234353132623837636466633939633966656236
62336365666166376139303535653563353432646531333831653730393133363635396666343766
30666564333133363166323738376562313034346332373239393935373363383239306463653430
63663161373732653430653763373739663836636466336337353736336337376431396261653333
39323032613636356336363863386234353163396635666430386266303634643531623135396138
65363333376463643933616265666239386339636338383665393339643139396530393930326264
31383632393163333030656535323036316565336633373964613461303363636262623933366235
3564303937653961333139356261653963363934316362363131
